0 0 0.00000000000000000979608551139844 0 10
1 0.38663123733421256 0.00000000000000000979608551139844 2741.3693489583343 11
2 0.406889991408628 0.00000000000000000979608551139844 3074.7757500000057 11
3 0.42951282211518155 0.00000000000000000979608551139844 3381.402515625001 11
4 0.4549424717912681 0.00000000000002895178650196523 3662.419833333329 11
5 0.4837397243996857 0.0000000000023406276916659863 3918.9682656242226 11
6 0.516625561858945 0.00000000008375115633687275 4152.172249969686 11
7 0.5545427761489824 0.0000000016972354317175447 4363.131098311985 11
8 0.5987483378170814 0.000000022637003968485316 4552.93249117364 11
9 0.6509557553606817 0.00000021881688046041993 4722.635930265447 11
10 0.7135603400206876 0.0000016362056452250983 4873.281458055303 11
11 0.7900015522444273 0.000009906813542730617 5005.88688157436 11
12 0.8853408561208558 0.00005018266117337523 5121.439873967592 11
13 1.0070019776435246 0.00021739468549365678 5220.827295911195 11
14 1.165687378398919 0.0008168021402374991 5304.8335956900755 11
15 1.3751820945716382 0.00267404566453467 5374.058860497781 11
16 1.6482392066420057 0.007575954805988942 5428.848604394167 12
17 1.9855429840115206 0.018287391007986646 5469.688321263435 12
18 2.3634082963075516 0.037175753271177635 5497.923292016253 13
19 2.7394932845377804 0.06424763898261338 5516.154218931324 14
20 3.0732504844602886 0.09695706756642017 5527.444611780819 14
21 3.3445783144554344 0.13217939411224855 5534.411761805293 14
22 3.551751578764547 0.16751512338178862 5538.852240016362 15
23 3.7044213817743357 0.20159954357369564 5541.869025015389 15
24 3.8154824314211413 0.2338216038234072 5544.105785704558 15
25 3.8964489132468842 0.2639530930769029 5545.93338860538 15
26 3.9559401703688377 0.2919866076434275 5547.54410764324 15
27 4.001132030291059 0.3180929904563925 5549.042435088703 15
28 4.035795646786428 0.34237457725594195 5550.4823748226945 15
29 4.063229028713085 0.36501042165321096 5551.895577059412 15
30 4.085269969654675 0.38615560841627566 5553.291222920729 15
31 4.103501436984909 0.4059471969051439 5554.682068985493 15
32 4.118903821174291 0.42452547487045783 5556.065714652449 15
33 4.131720470014116 0.4419566129277073 5557.448150022083 15
34 4.142742045301996 0.45836560304633384 5558.83013146826 15
35 4.152317391350297 0.4738386479843944 5560.210936908675 15
36 4.160712563228548 0.4884530035131645 5561.591054880034 15
37 4.168133128514535 0.502277899836954 5562.971317605739 15
38 4.174740111814497 0.5153754507715061 5564.351520491626 15
39 4.180661240422319 0.5278014902469712 5565.731105596211 15
40 4.185999030646172 0.5396063176069198 5567.1111706292695 15
41 4.190836647311674 0.5508353515279696 5568.491223829608 15
42 4.195242234529149 0.5615296997652782 5569.870769974711 15
43 4.199272145557609 0.571726654288822 5571.250811866764 15
44 4.202973371527323 0.5814601215205712 5572.630851167697 15
45 4.20638540455758 0.5907609966271563 5574.010388873824 15
46 4.209541676520031 0.599657489771312 5575.390425588638 15
47 4.2124706711465425 0.6081754111470894 5576.7704616813735 15
48 4.215196808220761 0.6163384206288237 5578.149997380152 15
49 4.217741146446848 0.6241682469889396 5579.530032827209 15
50 4.2201219365257066 0.6316848808889165 5580.910068112049 15
51 4.222355076541372 0.6389067452114483 5582.289603291507 15
52 4.2244544828194535 0.6458508457658456 5583.669638401935 15
53 4.226432383633333 0.6525329049484242 5585.049673466807 15
54 4.228299570365462 0.6589674805612681 5586.429208501391 15
55 4.230065606281266 0.6651680716747088 5587.809243515693 15
56 4.231738990606886 0.6711472131508912 5589.189278516308 15
57 4.233327305378906 0.676916560219638 5590.5688135076525 15
58 4.234837339703066 0.6824869643064253 5591.948848492648 15
59 4.2362751848889575 0.687868541149863 5593.328883473266 15
60 4.237646324810655 0.693070732107948 5594.7084184508785 15
61 4.23895571359565 0.6981023594345311 5596.088453426394 15
62 4.240207832120616 0.7029716762066583 5597.468488400429 15
63 4.241406746234692 0.7076864114970552 5598.848023373434 15
64 4.242556157561385 0.7122538113117899 5600.228058345719 15
65 4.243659437352655 0.7166806757491293 5601.608093317465 15
66 4.244719665645775 0.7209733927803486 5602.987628288852 15
67 4.24573966591165 0.7251379690054252 5604.367663259973 15
68 4.246722025123032 0.7291800576950122 5605.747698230886 15
69 4.2476691211855195 0.7331049843939854 5607.127233201671 15
70 4.248583147543158 0.7369177703304097 5608.50726817235 15
71 4.249466124568862 0.7406231538462921 5609.887303142956 16
72 4.2503199195569366 0.744225610042435 5611.266838113505 16
73 4.251146264898148 0.7477293688086535 5612.646873084023 16
74 4.2519467638464805 0.7511384313920798 5614.026908054497 16
75 4.252722905665195 0.7544565856400057 5615.406443024955 16
76 4.253476079578507 0.757687420039345 5616.786477995408 16
77 4.2542075767999075 0.7608343366621092 5618.166512965828 16
78 4.254918602447931 0.7639005631150827 5619.5460479362455 16
79 4.255610286663836 0.7668891635819223 5620.926082906663 16
80 4.256283684099562 0.7698030490371042 5622.306117877066 16
81 4.256939783639723 0.7726449867032799 5623.685652847468 16
82 4.257579517584812 0.7754176088166285 5625.065687817877 16
83 4.258203759381186 0.7781234207585775 5626.4457227882685 16
84 4.258813331832762 0.7807648086066737 5627.825257758671 16
85 4.259409014948303 0.7833440461524661 5629.20529272907 16
86 4.259991542439153 0.7858633014297539 5630.585327699456 16
87 4.260561608884644 0.7883246427926234 5631.964862669853 16
88 4.261119876654316 0.7907300445790651 5633.344897640246 16
89 4.261666971538569 0.7930813923927793 5634.724932610634 16
90 4.26220348919443 0.7953804880328564 5636.104467581027 16
91 4.262730001436506 0.7976290540984263 5637.484502551421 16
92 4.263247051266052 0.7998287382930067 5638.864537521806 16
93 4.263755158839769 0.8019811174511444 5640.2440724922 16
94 4.264254827352918 0.8040877013080462 5641.624107462594 16
95 4.26474653767468 0.8061499360311182 5643.004142432974 16
96 4.265230754036383 0.8081692075307935 5644.383677403365 16
97 4.2657079296950355 0.8101468445665571 5645.763712373761 16
98 4.266178501358122 0.8120841216628165 5647.143747344144 16
99 4.266642894773699 0.8139822618480405 5648.523282314536 16
