0 0 0 0 0
1 0.38663123733421256 0 2741.3693489583343 0
2 0.40688999140862786 0 3074.7757500000057 0
3 0.42951282211518177 0 3381.402515625001 0
4 0.45494247179134023 0 3662.4198333333347 0
5 0.48373972440592733 0 3918.9682656250043 0
6 0.5166255620982342 0 4152.172250000012 0
7 0.5545427813712458 0 4363.131098958314 0
8 0.5987484132737625 0 4552.932500000001 0
9 0.6509565510585493 0 4722.63601562498 0
10 0.7135668848506693 0 4873.282083333343 0
11 0.7900455828282997 0 5005.890515624981 0
12 0.8855918343960876 0 5121.459000000003 0
13 1.0083757243044704 0 5220.972098958332 0
14 1.1720139672359806 0 5305.384750000011 0
15 1.4010165310827842 0 5375.635765624991 0
16 1.7444031981163624 0 5432.638833333351 0
17 2.316553238544653 0 5477.296015624996 0
18 3.460604100233145 0 5510.481250000025 0
19 6.892242264177737 0 5533.04934895832 0
20 20 0 5545.834500000012 0
21 NaN 0 5552.123999999998 0
22 NaN 0 5558.416500000018 0
23 NaN 0 5564.708499999993 0
24 NaN 0 5571.001000000013 0
25 NaN 0 5577.290499999999 0
26 NaN 0 5583.582500000013 0
27 NaN 0 5589.875 0
28 NaN 0 5596.167499999987 0
29 NaN 0 5602.459500000001 0
30 NaN 0 5608.748999999987 0
31 NaN 0 5615.041500000007 0
32 NaN 0 5621.333499999982 0
33 NaN 0 5627.626000000002 0
34 NaN 0 5633.915499999988 0
35 NaN 0 5640.207500000002 0
36 NaN 0 5646.499999999989 0
37 NaN 0 5652.792500000009 0
38 NaN 0 5659.08449999999 0
39 NaN 0 5665.374000000009 0
40 NaN 0 5671.666499999996 0
41 NaN 0 5677.958500000004 0
42 NaN 0 5684.250999999991 0
43 NaN 0 5690.54050000001 0
44 NaN 0 5696.832499999991 0
45 NaN 0 5703.125000000011 0
46 NaN 0 5709.417499999998 0
47 NaN 0 5715.709500000012 0
48 NaN 0 5721.998999999998 0
49 NaN 0 5728.291500000018 0
50 NaN 0 5734.583499999993 0
51 NaN 0 5740.876000000013 0
52 NaN 0 5747.165499999999 0
53 NaN 0 5753.457500000013 0
54 NaN 0 5759.75 0
55 NaN 0 5766.042499999987 0
56 NaN 0 5772.334500000001 0
57 NaN 0 5778.623999999987 0
58 NaN 0 5784.916500000007 0
59 NaN 0 5791.208499999982 0
60 NaN 0 5797.501000000002 0
61 NaN 0 5803.790499999988 0
62 NaN 0 5810.082500000002 0
63 NaN 0 5816.374999999989 0
64 NaN 0 5822.667500000009 0
65 NaN 0 5828.95949999999 0
66 NaN 0 5835.249000000009 0
67 NaN 0 5841.541499999996 0
68 NaN 0 5847.833500000004 0
69 NaN 0 5853.625999999991 0
70 NaN 0 5858.748833333342 0
71 NaN 0 5863.874166666659 0
72 NaN 0 5869.000000000011 0
73 NaN 0 5874.12583333333 0
74 NaN 0 5879.25116666668 0
75 NaN 0 5884.373999999998 0
76 NaN 0 5889.49983333335 0
77 NaN 0 5894.625166666661 0
78 NaN 0 5899.751000000013 0
79 NaN 0 5904.873833333331 0
80 NaN 0 5909.999166666681 0
81 NaN 0 5913.625 0
82 NaN 0 5917.250833333319 0
83 NaN 0 5920.876166666669 0
84 NaN 0 5924.498999999987 0
85 NaN 0 5928.124833333339 0
86 NaN 0 5931.75016666665 0
87 NaN 0 5935.376000000002 0
88 NaN 0 5938.99883333332 0
89 NaN 0 5942.62416666667 0
90 NaN 0 5946.249999999989 0
91 NaN 0 5949.875833333341 0
92 NaN 0 5953.501166666658 0
93 NaN 0 5957.124000000009 0
94 NaN 0 5960.749833333328 0
95 NaN 0 5964.375166666672 0
96 NaN 0 5968.000999999991 0
97 NaN 0 5969.748833333345 0
98 NaN 0 5971.4991666666565 0
99 NaN 0 5973.250000000011 0
