0 0 0.00000000000000000979608551139844 0 1
1 0.38663123733421256 0.00000000000000000979608551139844 2741.3693489583343 1
2 0.406889991408628 0.00000000000000000979608551139844 3074.7757500000057 1
3 0.42951282211518155 0.00000000000000000979608551139844 3381.402515625001 1
4 0.4549424717912681 0.00000000000002895178650196523 3662.419833333329 1
5 0.4837397243996857 0.0000000000023406276916659863 3918.9682656242226 1
6 0.516625561858945 0.00000000008375115633687275 4152.172249969686 1
7 0.5545427761489824 0.0000000016972354317175447 4363.131098311985 1
8 0.5987483378170814 0.000000022637003968485316 4552.93249117364 1
9 0.6509557553606817 0.00000021881688046041993 4722.635930265447 1
10 0.7135603400206876 0.0000016362056452250983 4873.281458055303 1
11 0.7900015522444273 0.000009906813542730617 5005.88688157436 1
12 0.8853409123878591 0.00005018266117337523 5121.441694649586 1
13 1.0071316574420763 0.00021767894791980584 5220.90310439802 1
14 1.1665336545263163 0.0008215801083476591 5305.151495692396 1
15 1.3791840765535626 0.0027239177669843937 5374.964147010368 1
16 1.6643582789887494 0.007960415698598244 5430.999204933399 1
17 2.039830825626834 0.020460031048611604 5473.9511257893055 1
18 2.5107778066952062 0.04597434021110235 5504.9339501785 1
19 3.0572562636179237 0.08985737039348737 5525.961062315188 1
20 3.6327097792930596 0.1530771612410143 5539.899125850355 1
21 4.1809894312183635 0.23023613701215795 5549.665890023802 1
22 4.659911971336433 0.31236585942569384 5557.400308378686 1
23 5.052386848368845 0.39156275500084997 5564.271329329677 1
24 5.361778764895714 0.46329264506216356 5570.802122193539 1
25 5.6014627424836565 0.526029166781754 5577.195308145571 1
26 5.7867890659408605 0.5799951500063895 5583.53514242619 1
27 5.931223648116512 0.6261489634932992 5589.85076598424 1
28 6.045294971310171 0.665626425274646 5596.154827580984 1
29 6.136803178569281 0.6994985680023144 5602.452752603539 1
30 6.2113975124597305 0.7286919878387224 5608.745348715661 1
31 6.2731477560918165 0.7539793974227393 5615.0394939186735 1
32 6.324999309612719 0.7759955956398739 5621.332381668947 1
33 6.369105509097718 0.7952597558348841 5627.625367731836 1
34 6.407061221861634 0.8121968158427755 5633.91513763025 1
35 6.440064632646716 0.8271557606229354 5640.207289556278 1
36 6.469029053908203 0.8404245249354261 5646.499876215713 1
37 6.494660599299943 0.8522418975478593 5652.7924262859115 1
38 6.517512626649933 0.8628069590532037 5659.084455577704 1
39 6.5380243408589465 0.8722865559962104 5665.373972921273 1
40 6.55654852020081 0.8808212329943949 5671.666483310325 1
41 6.573371677876302 0.8885299595156059 5677.9584896037195 1
42 6.58872892361583 0.8955139142492226 5684.250993457458 1
43 6.60281506272023 0.901859530586721 5690.540495842041 1
44 6.61579298239117 0.9076409603711781 5696.832497332368 1
45 6.627800065339389 0.9129220774350741 5703.1249982729005 1
46 6.638953166639288 0.9177581151944789 5709.417498871971 1
47 6.649352508655845 0.9221970117434692 5715.709499257024 1
48 6.659084774066407 0.9262805199461845 5721.99899950663 1
49 6.668225606711352 0.9300451277686799 5728.29149966983 1
50 6.676841652728376 0.9335228246324124 5734.583499777342 1
51 6.684992274295312 0.9367417422330988 5740.8759998487785 1
52 6.692731035164744 0.9397266925479517 5747.1654998965505 1
53 6.700107033682094 0.9424996212721581 5753.457499928771 1
54 6.707166170079104 0.9450799913958764 5759.749999950614 1
55 6.713952459307455 0.9474851088401982 5766.042499965535 1
56 6.720509495945568 0.949730399849951 5772.33449997582 1
57 6.726882268167938 0.951829648067548 5778.623999982914 1
58 6.733119638097253 0.9537951977890378 5784.916499987884 1
59 6.739278013042238 0.9556381287568173 5791.208499991326 1
60 6.745427257454393 0.9573684069156043 5797.500999993788 1
61 6.7516609593294925 0.9589950148044745 5803.790499995497 1
62 6.758115700503945 0.9605260646429787 5810.082499996532 1
63 6.765010661582029 0.9619688966667738 5816.3749999888405 1
64 6.772738679231858 0.9633301648775265 5822.667499677746 1
65 6.782108877021966 0.9646159127198525 5828.95948949366 1
66 6.795131230033623 0.9658316587460692 5835.248700260553 1
67 6.817993315839464 0.9669828696789688 5841.534607320313 1
68 6.868325029842839 0.9680800340098212 5847.731153994688 1
69 6.948969442838915 0.9691508779758172 5853.482680020753 1
70 7.00433429135822 0.9701977330922684 5858.73717168738 1
71 7.029825776757224 0.971196446102742 5863.873521539656 1
72 7.044225110134801 0.9721433027389398 5868.9999687070795 1
73 7.054841646541621 0.9730412958311654 5874.125831875301 1
74 7.064211221195032 0.9738937210067813 5879.251166537107 1
75 7.073650102833136 0.974703629073867 5884.373998678115 1
76 7.084417666307433 0.9754738226393547 5889.49980765628 1
77 7.098669411620002 0.9762068928499813 5894.624717058841 1
78 7.121716964916349 0.9769054296530763 5899.7442670212195 1
79 7.167263280264916 0.9775738024059379 5904.797799355411 1
80 7.248878416989333 0.9782244182422483 5909.501241355456 1
81 7.329694722213548 0.9788682297262781 5913.545894158364 1
82 7.374463015592234 0.9794934170670767 5917.243002610849 1
83 7.397071265412324 0.9800911686516811 5920.8755355058465 1
84 7.410804466559993 0.9806612820072707 5924.4989530610055 1
85 7.420804447086525 0.9812052666947892 5928.124829946552 1
86 7.429062605275758 0.9817246935752937 5931.750166424037 1
87 7.436516555184919 0.9822210304579237 5935.375999981709 1
88 7.443729554145537 0.9826956384079492 5938.998833320325 1
89 7.451153950490326 0.983149780045745 5942.624166510356 1
90 7.459288299099621 0.9835846279226422 5946.249998021967 1
91 7.468859271409797 0.9840012727558918 5949.87580969697 1
92 7.481182137727765 0.9844007372556994 5953.500903290928 1
93 7.499076102997728 0.9847840476008733 5957.121324823377 1
94 7.529167494540903 0.9851527465415909 5960.726217501892 1
95 7.58459156141284 0.9855115868505218 5964.211742503077 1
96 7.671735252234486 0.985873521158863 5967.254112033183 1
97 7.758153143349321 0.9862480207243002 5969.580690680718 1
98 7.812749880193734 0.9866235569720038 5971.472927963901 1
99 7.842543299178877 0.9869883045437575 5973.246614138991 1
