0 0 0.000000000000000007836868409118753 0 10
1 0.35945237925623935 0.000000000000000007836868409118753 6476.699615604503 11
2 0.3653696145222709 0.000000000000000007836868409118753 6822.336423030239 11
3 0.37152974864750726 0.000000000000000007836868409118753 7160.60347912501 11
4 0.37791318081907443 0.000000000000000007836868409118753 7489.823739539161 11
5 0.3844964724005682 0.000000000000000007836868409118753 7808.500473394948 11
6 0.39136363389570594 0.000000000000000007836868409118753 8120.053865999958 11
7 0.39849450507927214 0.000000000000000007836868409118753 8422.941168578694 11
8 0.4058645426583107 0.00000000000000003700743415417187 8715.793880572748 11
9 0.4135695161955079 0.0000000000000002816918811499908 9001.766909124954 11
10 0.4215890642129793 0.000000000000002985193791506817 9279.447991097977 11
11 0.42989780367184516 0.00000000000001947563388700943 9547.59165218881 11
12 0.4386060244787453 0.00000000000010934891336637969 9809.099455999822 11
13 0.4476937805877852 0.0000000000005281894747285749 10062.682894471727 11
14 0.45713537061288706 0.0000000000022623510907786065 10307.212894865906 11
15 0.46705932651728116 0.000000000008759844483772464 10545.349453116805 11
16 0.4774471744097983 0.00000000003100265991641455 10775.92266504608 11
17 0.488273866462992 0.00000000010121159306441144 10997.916314135018 11
18 0.4996913169453695 0.0000000003085495521391513 11213.755945688847 11
19 0.5116843360687853 0.0000000008834243618410537 11422.38668738105 11
20 0.5242302852273363 0.0000000023871790686529974 11622.900212446195 11
21 0.5375117972817557 0.000000006138416780686338 11817.499072726063 11
22 0.5515200889392884 0.000000015067413483633017 12005.236932697446 11
23 0.5662381063045677 0.00000003540094538710326 12185.30696342374 11
24 0.5818900215108185 0.00000008009137971016781 12359.700012176638 11
25 0.598478925382439 0.00000017478108660366437 12527.573346909609 11
26 0.6159991050098753 0.0000003684651994480722 12688.218292633994 11
27 0.6347327659011972 0.0000007538531944897461 12843.420567221003 11
28 0.6547044770306891 0.0000014981159055685072 12992.4375976836 11
29 0.6759301195518942 0.000002894035440255505 13134.653937217096 11
30 0.6987755578701901 0.000005454470583314163 13271.66086196189 11
31 0.7233017793909693 0.00001003154211036404 13402.805945030696 11
32 0.749558430828915 0.000018000112876646744 13527.556156361927 11
33 0.7780351109157414 0.00003161777646129959 13647.31918224307 11
34 0.8088586988083165 0.000054379867379159636 13761.543452618598 11
35 0.8421309915890048 0.00009148308978353654 13869.763675397595 11
36 0.8785047002389753 0.00015089162841251268 13973.208410956564 11
37 0.9180931866240563 0.00024375544067314426 14071.21085920946 11
38 0.9612924918555208 0.00038563708143660614 14163.919501068167 11
39 1.0086134631659807 0.0005977022757358151 14251.709802287798 12
40 1.0603552904605469 0.0009068996530485342 14334.38099174256 12
41 1.1168951119463515 0.0013467937070920167 14411.986264268955 12
42 1.1788245784608624 0.0019576837187305195 14484.910299393894 12
43 1.246273523791965 0.0027853845276956577 14552.903676722723 12
44 1.3195553941965654 0.0038824895580739944 14616.040099387164 13
45 1.3991247061461054 0.005309246731870644 14674.607902090167 13
46 1.4850530073834587 0.007133468893277377 14728.524139002682 13
47 1.57708486581312 0.009422823218274697 14777.722683843602 13
48 1.675624367529226 0.012270022878094936 14822.550284528992 13
49 1.7800690503018064 0.01575676237893025 14862.96006816428 14
50 1.8899389359243521 0.01996749513298751 14899.104685886336 14
51 2.004765879181026 0.024994879775774536 14931.245688227464 14
52 2.1229519794044953 0.030877469032340912 14959.47647858747 14
53 2.2433312808624053 0.037646808526355 14984.083056182475 14
54 2.36488585179366 0.04532539630421659 15005.441410452997 14
55 2.4858155268717876 0.05386313034349248 15023.812603673035 14
56 2.6042791273023016 0.0631603922227362 15039.509453332133 14
57 2.7194149632390565 0.0731646260791744 15052.913001036824 14
58 2.82957597292763 0.08372370286512072 15064.312300627767 14
59 2.9344343205314445 0.09476164805310418 15074.03134958085 14
60 3.032829602229282 0.10613802330665181 15082.3161577591 14
61 3.124510875169569 0.11774985951607965 15089.407744218119 14
62 3.2095466239792585 0.12950835943866837 15095.517965954929 14
63 3.287468641390709 0.14132164253118581 15100.797746569555 14
64 3.3585902993887746 0.1531183230163287 15105.400148533847 15
65 3.42359862494726 0.16485445276435734 15109.458949881302 15
66 3.4820424546723032 0.17645557577650242 15113.045864104655 15
67 3.5349552020017305 0.18791277393989156 15116.268363008678 15
68 3.582826135889844 0.19918680602957545 15119.194766778684 15
69 3.6256496013891746 0.21026190306969256 15121.863147873613 15
70 3.6642526603842893 0.2211363893808682 15124.329226410531 15
71 3.699064409581802 0.23174875883215282 15126.656265536356 15
72 3.7303552370236046 0.24217777269928553 15128.828626940936 15
73 3.758304116158635 0.25234375742222137 15130.901055594439 15
74 3.7837499684588107 0.2622604557474992 15132.903978268398 15
75 3.8068828592112554 0.27200194198561345 15134.822368003384 15
76 3.827401390233774 0.2814716152471604 15136.684368151511 15
77 3.846390655510652 0.2907092112929208 15138.520484400058 15
78 3.86331471264701 0.2997430344944405 15140.299632350056 15
79 3.878797855268607 0.3085597794784161 15142.05630985708 15
80 3.8930921270119883 0.31713943543206335 15143.807271630621 15
81 3.9062827226783816 0.32556864666367685 15145.520623513032 15
82 3.918012863019649 0.333763131315699 15147.217906317825 15
83 3.929192955839887 0.34175408036568555 15148.930312699833 15
84 3.939305907925377 0.3495860245472425 15150.605369934967 15
85 3.9484456903178553 0.3572142193510228 15152.279926767653 15
86 3.9574544296539735 0.36467676087541007 15153.963402848272 15
87 3.9654889042963144 0.3719740313835623 15155.62708180056 15
88 3.9728978626232774 0.3791041198770842 15157.287532217162 15
89 3.980101312563604 0.3860670372278334 15158.953756384715 15
90 3.9866081878238973 0.39288855287057284 15160.60603863171 15
91 3.9927203488420413 0.3995622272889761 15162.257083439528 15
92 3.9987390323752585 0.40608339678567484 15163.921381934239 15
93 4.004121183330692 0.41246459469730745 15165.575239546213 15
94 4.009237084151685 0.41872117738530457 15167.221761694214 15
95 4.0143454508426535 0.4248390987200144 15168.881428649735 15
96 4.018923275504008 0.4308380480148082 15170.52648768149 15
97 4.023000816803764 0.43669789648516094 15172.167105829974 15
98 4.02735682944085 0.44243786675667957 15173.828190989136 15
99 4.031270455986152 0.4480784500481048 15175.474972615228 15
