0 0 0 0 0
1 0.3594523792562394 0 6476.699615604503 0
2 0.365369614522271 0 6822.336423030239 0
3 0.37152974864750715 0 7160.60347912501 0
4 0.37791318081907443 0 7489.823739539161 0
5 0.3844964724005682 0 7808.500473394948 0
6 0.3913636338957059 0 8120.053865999958 0
7 0.39849450507927225 0 8422.941168578694 0
8 0.40586454265831096 0 8715.793880572748 0
9 0.4135695161955087 0 9001.766909124954 0
10 0.4215890642129864 0 9279.447991097983 0
11 0.4298978036718951 0 9547.59165218882 0
12 0.4386060244790294 0 9809.099456000024 0
13 0.44769378058919407 0 10062.682894472127 0
14 0.457135370619082 0 10307.212894867926 0
15 0.46705932654191684 0 10545.349453125007 0
16 0.47744717449941376 0 10775.92266507606 0
17 0.48827386676393997 0 10997.916314235237 0
18 0.49969131788984555 0 11213.755945999981 0
19 0.511684338855015 0 11422.38668828504 0
20 0.5242302929924402 0 11622.900214915791 0
21 0.5375118178940708 0 11817.499079124953 0
22 0.5515201412235134 0 12005.23694847362 0
23 0.5662382333998291 0 12185.307000534518 0
24 0.5818903193390371 0 12359.700095999997 0
25 0.5984795994390593 0 12527.573529017154 0
26 0.6160005809191249 0 12688.218673716225 0
27 0.6347359065376056 0 12843.421339124965 0
28 0.6547109789715827 0 12992.439112290449 0
29 0.675943228882616 0 13134.656836086348 0
30 0.6988013935068507 0 13271.666249999984 0
31 0.723352924935856 0 13402.81897966859 0
32 0.7496613225173518 0 13527.587188269421 0
33 0.7782306235465173 0 13647.379369124988 0
34 0.8092119274006921 0 13761.636511526624 0
35 0.8427660063662378 0 13869.915029890699 0
36 0.8796298807258149 0 13973.446336000074 0
37 0.9201360357970615 0 14071.757687239491 0
38 0.9646715076989861 0 14164.48525957536 0
39 1.0144354619834386 0 14252.693889124943 0
40 1.0702168310182598 0 14335.99108518215 0
41 1.1330307142417784 0 14414.086874948041 0
42 1.2052466270943212 0 14487.889866000047 0
43 1.289167120741701 0 14557.083382729548 0
44 1.3882667301829001 0 14621.44847263374 0
45 1.50972841005896 0 14681.743203125001 0
46 1.6648941171774805 0 14737.723856256958 0
47 1.8785008007836068 0 14789.238248257785 0
48 2.2236920206801263 0 14836.903936000028 0
49 3.047601403192725 0 14880.544381139118 0
50 20 0 14920.068496445037 0
51 NaN 0 14955.491786458379 0
52 NaN 0 14987.520883454788 0
53 NaN 0 15016.111910125775 0
54 NaN 0 15041.618250000009 0
55 NaN 0 15063.975988643775 0
56 NaN 0 15083.194893119799 0
57 NaN 0 15099.515036458424 0
58 NaN 0 15112.926472145984 0
59 NaN 0 15123.487201051996 0
60 NaN 0 15131.333333333354 0
61 NaN 0 15137.523166666657 0
62 NaN 0 15143.710666666602 0
63 NaN 0 15149.899999999987 0
64 NaN 0 15156.089333333395 0
65 NaN 0 15162.276833333382 0
66 NaN 0 15168.46666666665 0
67 NaN 0 15174.656499999997 0
68 NaN 0 15180.843500000003 0
69 NaN 0 15187.03333333335 0
70 NaN 0 15193.223166666618 0
71 NaN 0 15199.410666666605 0
72 NaN 0 15205.600000000013 0
73 NaN 0 15211.789333333398 0
74 NaN 0 15217.976833333343 0
75 NaN 0 15224.166666666646 0
76 NaN 0 15230.356499999989 0
77 NaN 0 15236.543500000002 0
78 NaN 0 15242.733333333337 0
79 NaN 0 15248.923166666667 0
80 NaN 0 15255.110666666633 0
81 NaN 0 15261.300000000016 0
82 NaN 0 15267.489333333351 0
83 NaN 0 15273.676833333342 0
84 NaN 0 15279.866666666647 0
85 NaN 0 15286.0565 0
86 NaN 0 15292.243500000011 0
87 NaN 0 15298.433333333354 0
88 NaN 0 15304.623166666679 0
89 NaN 0 15310.810666666614 0
90 NaN 0 15317 0
91 NaN 0 15323.189333333386 0
92 NaN 0 15329.376833333354 0
93 NaN 0 15335.566666666646 0
94 NaN 0 15341.756499999989 0
95 NaN 0 15347.94350000001 0
96 NaN 0 15354.133333333342 0
97 NaN 0 15360.323166666636 0
98 NaN 0 15366.510666666605 0
99 NaN 0 15372.699999999995 0
