0 0 0.000000000000000007836868409118753 0 1
1 0.35945237925623935 0.000000000000000007836868409118753 6476.699615604503 1
2 0.3653696145222709 0.000000000000000007836868409118753 6822.336423030239 1
3 0.37152974864750726 0.000000000000000007836868409118753 7160.60347912501 1
4 0.37791318081907443 0.000000000000000007836868409118753 7489.823739539161 1
5 0.3844964724005682 0.000000000000000007836868409118753 7808.500473394948 1
6 0.39136363389570594 0.000000000000000007836868409118753 8120.053865999958 1
7 0.39849450507927214 0.000000000000000007836868409118753 8422.941168578694 1
8 0.4058645426583107 0.00000000000000003700743415417187 8715.793880572748 1
9 0.4135695161955079 0.0000000000000002816918811499908 9001.766909124954 1
10 0.4215890642129793 0.000000000000002985193791506817 9279.447991097977 1
11 0.42989780367184516 0.00000000000001947563388700943 9547.59165218881 1
12 0.4386060244787453 0.00000000000010934891336637969 9809.099455999822 1
13 0.4476937805877852 0.0000000000005281894747285749 10062.682894471727 1
14 0.45713537061288706 0.0000000000022623510907786065 10307.212894865906 1
15 0.46705932651728116 0.000000000008759844483772464 10545.349453116805 1
16 0.4774471744097983 0.00000000003100265991641455 10775.92266504608 1
17 0.488273866462992 0.00000000010121159306441144 10997.916314135018 1
18 0.4996913169453695 0.0000000003085495521391513 11213.755945688847 1
19 0.5116843360687853 0.0000000008834243618410537 11422.38668738105 1
20 0.5242302852273363 0.0000000023871790686529974 11622.900212446195 1
21 0.5375117972817557 0.000000006138416780686338 11817.499072726063 1
22 0.5515200889392884 0.000000015067413483633017 12005.236932697446 1
23 0.5662381063045677 0.00000003540094538710326 12185.30696342374 1
24 0.5818900215108185 0.00000008009137971016781 12359.700012176638 1
25 0.598478925382439 0.00000017478108660366437 12527.573346909609 1
26 0.6159991050098753 0.0000003684651994480722 12688.218292633994 1
27 0.6347327659011972 0.0000007538531944897461 12843.420567221003 1
28 0.6547044770306891 0.0000014981159055685072 12992.4375976836 1
29 0.6759301197593217 0.000002894035440255505 13134.653955301794 1
30 0.6987755602958086 0.000005454470583314163 13271.660917965282 1
31 0.7233031370500121 0.000010033094931388309 13402.809374028651 1
32 0.7495674227185662 0.000018016120966646288 13527.570344040027 1
33 0.7780568021223871 0.000031676001425526526 13647.350525202773 1
34 0.8088960015918989 0.00005452685912263956 13761.588291930031 1
35 0.8422020277702771 0.0000918840853741101 13869.836359388426 1
36 0.8786384375086677 0.00015194637737397948 13973.320741988276 1
37 0.9184192922606282 0.0002464800508586559 14071.561609614504 1
38 0.9617425039000952 0.0003920160418867346 14164.1861078499 1
39 1.0094991185132098 0.0006125560894732388 14252.246858333936 1
40 1.061994707789023 0.0009397379336964307 14335.337365912637 1
41 1.1194843748871557 0.001414362830718021 14413.152193620223 1
42 1.1830992297637013 0.002092165767971147 14486.580502426894 1
43 1.2531627256314013 0.003039248011836622 14555.287872529203 1
44 1.329870744836853 0.00433246874531414 14619.040412195964 1
45 1.4145297465902094 0.006072361423009993 14678.577642273267 1
46 1.5073059172270469 0.008363719340366822 14733.648178124718 1
47 1.6081290189515134 0.011315672679082017 14784.102780427567 1
48 1.7183617008336214 0.01507620334306555 14830.557517750316 1
49 1.8377786586466625 0.01977879429779083 14872.860281285033 1
50 1.9657993352197465 0.02554963725548611 14910.965057433797 1
51 2.1036756023332277 0.032589959682974644 14945.399834973874 1
52 2.2504986686566024 0.041044422303268116 14976.140488254536 1
53 2.404889155423174 0.051024638514707676 15003.275112398449 1
54 2.5677138123370242 0.06276678662658719 15027.28862435289 1
55 2.7370886935357275 0.07635149977394111 15048.312579404705 1
56 2.9106746285665825 0.09177255856912822 15066.575089361662 1
57 3.0888094236406824 0.10920416056959747 15082.53657616974 1
58 3.2687689309358325 0.12852581297380666 15096.440016407449 1
59 3.4476663379618238 0.1494980853665674 15108.573595318261 1
60 3.6256737187596046 0.17215689430459286 15119.31922403095 1
61 3.800003224032015 0.1961477829090877 15128.915195493653 1
62 3.9681132789806806 0.2210417610875472 15137.594525810078 1
63 4.130600847783209 0.2468084646266708 15145.600810106569 1
64 4.285423792369741 0.273003232962632 15153.087883004953 1
65 4.431002638002264 0.29918428553531085 15160.186784300682 1
66 4.568555579394104 0.325384183719061 15167.018121555937 1
67 4.69700631435511 0.351227384307903 15173.652883281407 1
68 4.815707801249028 0.3763847701987054 15180.145308092515 1
69 4.926238556554227 0.4009975180710849 15186.546698980059 1
70 5.028220879156926 0.4248118508112228 15192.88192212989 1
71 5.121571040498053 0.44762463197371993 15199.169002801333 1
72 5.207872751846061 0.46965153492611034 15205.42762519097 1
73 5.287093560058444 0.4907366754325443 15211.665103998335 1
74 5.359375437786128 0.5107636866704213 15217.886144194657 1
75 5.4260940363472105 0.529973140352502 15224.09983994595 1
76 5.4873291836929425 0.5482682344008073 15230.306703704915 1
77 5.5432609233662165 0.5655802950774453 15236.505930374651 1
78 5.594995469121741 0.5821419913700306 15242.704748623499 1
79 5.642618186088788 0.597887864951302 15248.901213822286 1
80 5.686274913828868 0.6127726481279071 15255.093637965394 1
81 5.726823821346318 0.6270064542597467 15261.286710417971 1
82 5.764322162085975 0.6405399504938774 15267.47889136211 1
83 5.798867122292848 0.6533389537383019 15273.66856812322 1
84 5.831117299669217 0.6655872612672286 15279.860098992873 1
85 5.861099216613114 0.6772442836192956 15286.051256748467 1
86 5.888868207247513 0.6882813262656993 15292.239291237152 1
87 5.9149317042773815 0.6988570825598321 15298.429946916158 1
88 5.939292405174162 0.7089363081584675 15304.620432860256 1
89 5.961975177014267 0.7184934206707472 15310.808450318671 1
90 5.983375683351316 0.7276649627469574 15316.998200499282 1
91 6.003480682296206 0.7364194669881681 15323.187868588431 1
92 6.022294668430158 0.744733492514748 15329.375636841167 1
93 6.040131050188295 0.752724672558485 15335.565688336243 1
94 6.056966940327019 0.7603645449578801 15341.755698393285 1
95 6.072793963863713 0.7676314129138412 15347.942841134287 1
96 6.087864614913345 0.7746269759555782 15354.132791404978 1
97 6.102150766757146 0.7813253430795946 15360.32272011265 1
98 6.115636332584128 0.7877063815313562 15366.510297640687 1
99 6.1285281388446755 0.7938584100525712 15372.699694871675 1
