0 0 0.000000000000000011719020815487765 0 10
1 0.41425476947606893 0.000000000000000011719020815487765 6528.864192389096 11
2 0.4220090961835612 0.000000000000000011719020815487765 6924.173165842505 11
3 0.4300996387380951 0.000000000000000011719020815487765 7308.042132242176 11
4 0.4385305133323487 0.000000000000000011719020815487765 7679.7253536847875 11
5 0.4473052157861625 0.000000000000000011719020815487765 8038.588108614929 11
6 0.45648607344478764 0.000000000000000011719020815487765 8386.585767541637 11
7 0.4660817392394536 0.00000000000000024029434941478473 8723.048950849321 11
8 0.4761005862410005 0.000000000000003672407331030514 9047.406734162358 11
9 0.4866174071695586 0.00000000000003706312671439409 9361.456485367144 11
10 0.4976478177621332 0.0000000000002961206080633258 9664.607254538576 11
11 0.5092078276186767 0.0000000000019260878658158826 9956.352559577244 11
12 0.5213892441437502 0.000000000010602879540223592 10238.345493992272 11
13 0.5342186087174832 0.000000000050709985847333236 10510.05466418415 11
14 0.5477241698473111 0.00000000021509674147125724 10771.037230605336 11
15 0.5620219032894206 0.0000000008224821215890164 11022.806629894394 11
16 0.5771560655156768 0.0000000028724668158588315 11264.900705923998 11
17 0.5931751967528324 0.00000000926090009620531 11496.933515144134 11
18 0.6102313647139477 0.00000002780700945150482 11720.28333892787 11
19 0.6283987771749588 0.00000007833190860021987 11934.544481994004 11
20 0.6477611177356492 0.00000020829337313085224 12139.391676171404 11
21 0.668527704402984 0.0000005255677283889046 12336.07237677453 11
22 0.6908258031690807 0.0000012638848861474757 12524.242504996975 11
23 0.714802564679721 0.000002907588179228158 12703.624572188219 11
24 0.7407632288462469 0.000006419329545958088 12875.350823394912 11
25 0.768924326415306 0.000013628653196516472 13039.111688790192 11
26 0.7995511018516956 0.00002790279236784986 13194.696040052115 11
27 0.833088188128474 0.00005512109226192619 13343.088258712005 11
28 0.869923717389546 0.00010531136283726675 13484.058791520247 11
29 0.9104574384462544 0.00019451158078884098 13617.403691918751 11
30 0.9553000899340299 0.000347018599119979 13743.999976373421 11
31 1.004923775110899 0.0005979001044256892 13863.60088952766 12
32 1.0596900591560565 0.000992662561822168 13976.021390977996 12
33 1.1201745829553118 0.0015865570168636925 14082.05974846257 12
34 1.1865596811295067 0.002437126276277228 14181.580056928377 12
35 1.2587948934248658 0.0035977478876034873 14274.409568379951 12
36 1.3370734090561263 0.005115160283465734 14361.27380655419 13
37 1.4211894015459823 0.007024945313100417 14441.952360667065 13
38 1.5110548425156074 0.009357621016462142 14516.725707517273 13
39 1.6066677109708678 0.012150833347027707 14585.833585708577 13
40 1.707919777734489 0.01545237300901078 14649.366187861398 14
41 1.814628393608039 0.019324020179047958 14707.488499885556 14
42 1.926356819580704 0.02382668641825479 14760.477628844987 14
43 2.0424753984216597 0.029021442151346066 14808.44765495375 14
44 2.1620973299000594 0.03494668901163333 14851.664053739041 14
45 2.28414957513905 0.04161477970612933 14890.432763135019 14
46 2.407559139836741 0.04901647699893436 14925.030625796595 14
47 2.530940673361446 0.05710558854787429 14955.708817212313 14
48 2.6535429833021777 0.06584119991575403 14982.855939275092 14
49 2.7742930116919506 0.07516557568751234 15006.737703840432 14
50 2.8923769405991075 0.08501355848117889 15027.662739942496 14
51 3.007298207037311 0.09534769681437963 15045.940814912568 14
52 3.1181983445787953 0.10610909784093996 15061.804872964625 15
53 3.224583567597881 0.11724366549552774 15075.543812281867 15
54 3.326038806928342 0.12869777994721324 15087.43917862261 15
55 3.4221236848525556 0.14040801098630334 15097.711019634391 15
56 3.5124445383030705 0.15230470586594916 15106.589911178335 15
57 3.5967962938291804 0.1643180660934093 15114.284633174624 15
58 3.6748695817015924 0.17636365207945182 15120.985173514668 15
59 3.7471756646979806 0.1884219540510508 15126.851443498743 15
60 3.8132636036843777 0.2003905789529755 15132.025054923597 15
61 3.87366271647752 0.21224663114455944 15136.6268524894 15
62 3.9288256781013557 0.2239602210437313 15140.766970408253 15
63 3.978624501114126 0.2354782776069837 15144.510198445725 15
64 4.023497994639084 0.24677230621951432 15147.942987259128 15
65 4.064276991451781 0.2578634275674072 15151.116759090328 15
66 4.100721474616728 0.26869959114918973 15154.071507194094 15
67 4.133592362392388 0.2792945563954322 15156.864001127442 15
68 4.163183565420747 0.2896328464201124 15159.520099046342 15
69 4.1897951038352375 0.299737211584116 15162.049314639211 15
70 4.213583338526066 0.3095812662014618 15164.48769957487 15
71 4.235179190042811 0.3191677623178852 15166.874333464104 15
72 4.25460354261849 0.32853583860032415 15169.177016615937 15
73 4.272049463856082 0.33764869910131246 15171.44165202322 15
74 4.288052448798355 0.34653619812466996 15173.671187395314 15
75 4.302524180283005 0.3552118330361233 15175.861784933428 15
76 4.315611972359821 0.36365770610856685 15178.028954522071 15
77 4.32766873600507 0.37188557697439517 15180.18735776773 15
78 4.338496161520454 0.3799168488537272 15182.311670135343 15
79 4.348487150857804 0.3877475350520707 15184.431583238897 15
80 4.357880513721695 0.39538304230294824 15186.54861264412 15
81 4.366424907436207 0.40284684117224034 15188.64501165301 15
82 4.37417216125657 0.4101160012165756 15190.739990352253 15
83 4.381556849242907 0.4172095845993697 15192.836958917222 15
84 4.388285725573446 0.42414522417841366 15194.92083025763 15
85 4.394478597055958 0.4309099627218235 15197.005043490748 15
86 4.400503638970913 0.4375234029813403 15199.08900093631 15
87 4.405995628579278 0.44398745715310367 15201.169337853591 15
88 4.411086231265151 0.45030259706697406 15203.244958369418 15
89 4.416009616445563 0.45647346055753873 15205.322559938986 15
90 4.420528982809931 0.4625124807284317 15207.396087750925 15
91 4.424796820896573 0.46841972832158235 15209.465817587694 15
92 4.428955863258113 0.47419559263520394 15211.543570956812 15
93 4.432779904959913 0.4798481589525016 15213.614835743127 15
94 4.436406602901495 0.4853843527185346 15215.68645127224 15
95 4.439975965909139 0.4908012196579841 15217.760657155875 15
96 4.443252089223384 0.4961087175100733 15219.827957213858 15
97 4.446234338782742 0.5012987185806316 15221.897236291876 15
98 4.44933499272 0.5063852077497767 15223.97188233736 15
99 4.452173487828848 0.5113750021242253 15226.042836983619 15
