0 0 0 0 0
1 0.41425476947606893 0 6528.864192389096 0
2 0.4220090961835612 0 6924.173165842505 0
3 0.4300996387380951 0 7308.042132242176 0
4 0.4385305133323487 0 7679.7253536847875 0
5 0.4473052157861624 0 8038.588108614929 0
6 0.4564860734447878 0 8386.585767541637 0
7 0.4660817392394544 0 8723.048950849321 0
8 0.47610058624100965 0 9047.406734162363 0
9 0.48661740773327294 0 9361.459485367197 0
10 0.49764781776291994 0 9664.607254538794 0
11 0.5092078276239702 0 9956.352559578574 0
12 0.5213892441739173 0 10238.345494000021 0
13 0.5342186088670305 0 10510.05466422207 0
14 0.5477241705056809 0 10771.037230769862 0
15 0.562021906470926 0 11022.809630533868 0
16 0.5771560750285443 0 11264.90070818045 0
17 0.5931752287335251 0 11496.933522454905 0
18 0.610231465027755 0 11720.283360874982 0
19 0.6283990729651361 0 11934.544543507564 0
20 0.6477619428419473 0 12139.391838165031 0
21 0.6685298942300236 0 12336.075779742217 0
22 0.6908313541242235 0 12524.243456109798 0
23 0.7148160690052126 0 12703.626710243958 0
24 0.7407948685462271 0 12875.355610666655 0
25 0.769002833208439 0 13039.13386070572 0
26 0.7997253294580484 0 13194.737799847884 0
27 0.8334744490152686 0 13343.181205992118 0
28 0.8707253127855986 0 13484.21780082678 0
29 0.9120889565435361 0 13617.678396945617 0
30 0.9585661137192459 0 13744.46454687505 0
31 1.0113011279711368 0 13864.379448816528 0
32 1.0719136247608663 0 13977.289920318333 0
33 1.1430503735938775 0 14083.998243283864 0
34 1.2285817815207432 0 14184.358105831403 0
35 1.3351369761341945 0 14278.274917559926 0
36 1.4757231975164131 0 14366.452534000053 0
37 1.6790801001779834 0 14448.78270184002 0
38 2.0292488905178603 0 14525.213565076581 0
39 2.9406539653461947 0 14596.354286617167 0
40 16 0 14662.14029562375 0
41 NaN 0 14721.610931928135 0
42 NaN 0 14776.779650666696 0
43 NaN 0 14827.586389659013 0
44 NaN 0 14874.020220622353 0
45 NaN 0 14916.503296875017 0
46 NaN 0 14955.008723828716 0
47 NaN 0 14989.563657701097 0
48 NaN 0 15020.514224000013 0
49 NaN 0 15047.866500382896 0
50 NaN 0 15071.667605914277 0
51 NaN 0 15090.987942708347 0
52 NaN 0 15108.845758719393 0
53 NaN 0 15125.246062733779 0
54 NaN 0 15140.341499999984 0
55 NaN 0 15154.123544181031 0
56 NaN 0 15166.614224187755 0
57 NaN 0 15177.921421875042 0
58 NaN 0 15188.054439110443 0
59 NaN 0 15197.058442026106 0
60 NaN 0 15204.999333333322 0
61 NaN 0 15212.417166666639 0
62 NaN 0 15219.83466666661 0
63 NaN 0 15227.251500000002 0
64 NaN 0 15234.665333333322 0
65 NaN 0 15242.08283333335 0
66 NaN 0 15249.500666666669 0
67 NaN 0 15256.918 0
68 NaN 0 15264.333499999984 0
69 NaN 0 15271.750833333315 0
70 NaN 0 15279.165666666666 0
71 NaN 0 15286.583166666695 0
72 NaN 0 15293.999999999982 0
73 NaN 0 15301.416833333375 0
74 NaN 0 15308.834333333345 0
75 NaN 0 15316.252166666662 0
76 NaN 0 15323.666500000025 0
77 NaN 0 15331.082000000017 0
78 NaN 0 15338.49933333332 0
79 NaN 0 15345.917166666688 0
80 NaN 0 15353.334666666646 0
81 NaN 0 15360.751500000013 0
82 NaN 0 15368.165333333327 0
83 NaN 0 15375.58283333332 0
84 NaN 0 15383.000666666654 0
85 NaN 0 15390.41800000002 0
86 NaN 0 15397.833499999982 0
87 NaN 0 15405.2478333333 0
88 NaN 0 15412.665666666695 0
89 NaN 0 15420.083166666644 0
90 NaN 0 15427.499999999985 0
91 NaN 0 15434.916833333371 0
92 NaN 0 15442.33433333332 0
93 NaN 0 15449.74916666667 0
94 NaN 0 15457.166499999988 0
95 NaN 0 15464.581999999973 0
96 NaN 0 15471.999333333339 0
97 NaN 0 15479.417166666695 0
98 NaN 0 15486.834666666666 0
99 NaN 0 15494.251500000013 0
