0 0 0.000000000000000011719020815487765 0 1
1 0.41425476947606893 0.000000000000000011719020815487765 6528.864192389096 1
2 0.4220090961835612 0.000000000000000011719020815487765 6924.173165842505 1
3 0.4300996387380951 0.000000000000000011719020815487765 7308.042132242176 1
4 0.4385305133323487 0.000000000000000011719020815487765 7679.7253536847875 1
5 0.4473052157861625 0.000000000000000011719020815487765 8038.588108614929 1
6 0.45648607344478764 0.000000000000000011719020815487765 8386.585767541637 1
7 0.4660817392394536 0.00000000000000024029434941478473 8723.048950849321 1
8 0.4761005862410005 0.000000000000003672407331030514 9047.406734162358 1
9 0.4866174077331774 0.00000000000003706312671439409 9361.459485367177 1
10 0.4976478177621332 0.0000000000002961206080633258 9664.607254538576 1
11 0.5092078276186767 0.0000000000019260878658158826 9956.352559577244 1
12 0.5213892441437502 0.000000000010602879540223592 10238.345493992272 1
13 0.5342186087174832 0.000000000050709985847333236 10510.05466418415 1
14 0.5477241698473111 0.00000000021509674147125724 10771.037230605336 1
15 0.5620219038543356 0.0000000008224821215890164 11022.809629894427 1
16 0.5771560655156768 0.0000000028724668158588315 11264.900705923998 1
17 0.5931751967528324 0.00000000926090009620531 11496.933515144134 1
18 0.6102313647139477 0.00000002780700945150482 11720.28333892787 1
19 0.6283987771749588 0.00000007833190860021987 11934.544481994004 1
20 0.6477611177356492 0.00000020829337313085224 12139.391676171404 1
21 0.6685277049691994 0.0000005255677283889046 12336.075376774563 1
22 0.6908258031690807 0.0000012638848861474757 12524.242504996975 1
23 0.714802564679721 0.000002907588179228158 12703.624572188219 1
24 0.740763234807642 0.000006419329545958088 12875.351018734447 1
25 0.7689312607837583 0.000013637561521792177 13039.124413689202 1
26 0.799568491293473 0.000027940915859627256 13194.719142895268 1
27 0.833140757358241 0.00005530977222664589 13343.145777161531 1
28 0.8700344336800138 0.00010593626115914143 13484.153027904922 1
29 0.9106940784895233 0.00019653212206444394 13617.564284226559 1
30 0.9558141068511733 0.00035341776806162295 13744.270729608985 1
31 1.0059839604029515 0.0006162664846928766 13864.062015396914 1
32 1.061827897378983 0.0010420617974793943 13976.788635972012 1
33 1.124208955800323 0.0017083448494181553 14083.235180341146 1
34 1.1937596824032903 0.002714163753643504 14183.238803683984 1
35 1.2710183451395696 0.00417711167931662 14276.69308386398 1
36 1.3566724055157469 0.006225504552859728 14364.29866495294 1
37 1.4509924583205975 0.008985882423930235 14445.95544140658 1
38 1.5540564089653939 0.012569632909787154 14521.631830277387 1
39 1.6661539128575429 0.01706464004022345 14591.967962804352 1
40 1.787155853321969 0.02253474315335871 14656.937103024398 1
41 1.9168510891807822 0.029030353320515883 14716.559587153006 1
42 2.0554681691032743 0.03660776037645163 14771.411129226086 1
43 2.2027679017872486 0.045341666671563384 14821.508263031967 1
44 2.3583566732453543 0.055331484727738654 14866.928566837874 1
45 2.5222769478928435 0.06670143272878476 14908.19917853529 1
46 2.693746997782272 0.07957162482442676 14945.421802195615 1
47 2.871613309207974 0.09403314416134281 14978.776336617799 1
48 3.055259118448957 0.11014265796702687 15008.77888080793 1
49 3.2430651550239573 0.1278787847177267 15035.620214136577 1
50 3.433171867967646 0.1471437813750846 15059.534713698558 1
51 3.62476444463461 0.16781867735866252 15080.985213464117 1
52 3.816056907395931 0.18971494508232598 15100.169690284545 1
53 4.005273624493154 0.21261310470552855 15117.314214397615 1
54 4.192139045956938 0.23637056282366062 15132.764949508088 1
55 4.375221866830785 0.26079199438969775 15146.697262829986 1
56 4.553131288219943 0.28567726544073396 15159.299585551254 1
57 4.726138900045608 0.3109657226245276 15170.826501463316 1
58 4.893068034523589 0.3364847946793941 15181.425062413115 1
59 5.052782767102474 0.3620386236084118 15191.254522707417 1
60 5.205854360819072 0.3876063675305796 15200.491455214476 1
61 5.351316273552259 0.4129894650083236 15209.248721713946 1
62 5.48834082142486 0.4379719017437209 15217.631074521203 1
63 5.617757594813245 0.462556603579912 15225.740016519907 1
64 5.738962886810869 0.48654497343496866 15233.639617321782 1
65 5.851563101090441 0.5097496193300238 15241.39177235886 1
66 5.956614252990627 0.5322268730088499 15249.04002532663 1
67 6.05390973276475 0.5538310875311093 15256.613164089742 1
68 6.143431864933076 0.5744437220509591 15264.132502564737 1
69 6.226310839022109 0.5941781638636445 15271.619290959536 1
70 6.302601082630545 0.6129528834077516 15279.079926326907 1
71 6.372482781239339 0.6307119892408718 15286.527312780525 1
72 6.436996571579048 0.6475993523296458 15293.963789900725 1
73 6.496298278216593 0.6635779036309298 15301.393394422232 1
74 6.550615324041326 0.6786289834036383 15308.819135464384 1
75 6.600813450626701 0.6928993703916199 15316.242340333702 1
76 6.647052182137767 0.706374620020063 15323.66014518704 1
77 6.689530307490604 0.7190525490329363 15331.077876877383 1
78 6.728927542703348 0.7310672333568862 15338.496662154168 1
79 6.765369365081926 0.7424132736603025 15345.915433679551 1
80 6.7990042004363485 0.7530936438352983 15353.333537569126 1
81 6.830351745668847 0.7632243114772078 15360.750764791806 1
82 6.859498204959835 0.7728024864848155 15368.164853566584 1
83 6.886544937430532 0.7818314674879219 15375.582518737112 1
84 6.911886922058993 0.7904091162221161 15383.000460381056 1
85 6.9355778839069195 0.7985327742480326 15390.41786438059 1
86 6.957682796092963 0.8062044857749467 15397.83341037642 1
87 6.978503789091144 0.8135061060083573 15405.247774085816 1
88 6.998071047095778 0.8204344056244912 15412.665627387207 1
89 7.016423762735016 0.8269899460735824 15420.083140486284 1
90 7.03379612237026 0.8332411446581368 15427.499982540703 1
91 7.050202369492287 0.8391841740104696 15434.916821655066 1
92 7.065664247635137 0.8448183441028072 15442.334325479815 1
93 7.080366281678498 0.8502010280397457 15449.749161381707 1
94 7.094312362184744 0.8553279754112959 15457.166496432661 1
95 7.107512726714717 0.8601975731823108 15464.58199757927 1
96 7.120115310098304 0.8648581790956481 15471.999331689452 1
97 7.132117489807465 0.8693053173909394 15479.41716554696 1
98 7.143522056750299 0.8735367507142622 15486.834665899933 1
99 7.154449625153495 0.8775934753921106 15494.251499474587 1
