0 0 0.000000000000000013061447348531253 0 10
1 0.40587677817184586 0.000000000000000013061447348531253 1356.271333333335 11
2 0.45389418241436197 0.00000000000002895722877169379 1648.8146666666619 11
3 0.5155397096692508 0.00000000008375115415996485 1892.3479999848785 11
4 0.5976221761338196 0.000000022637003966308408 2091.4213289327536 11
5 0.7123908240881871 0.0000016362056273918689 2250.4163548347956 11
6 0.884123391953936 0.000050181761539228094 2373.538424250426 11
7 1.1644082608298547 0.0008167279456907868 2464.5835075618434 11
8 1.6466899291247539 0.007570553946872791 2526.3299165753706 12
9 2.3607400310054416 0.0371129902005342 2561.0788368715594 13
10 3.0692759784220067 0.09680223287257657 2576.41724635776 14
11 3.5471978574599787 0.1673257806497248 2582.702121076972 15
12 3.810742630529216 0.23363307272448167 2585.7933309543714 15
13 3.9511490990861056 0.2918088282282556 2587.9146335211462 15
14 4.03098848569954 0.34220845411888584 2589.7688159246018 15
15 4.080454495425057 0.38600016200599435 2591.553567146437 15
16 4.114086627267379 0.42437974623471336 2593.319141346875 15
17 4.137923127355139 0.45822844381809075 2595.0782484031874 15
18 4.155891936623605 0.4883234633812177 2596.8368930210877 15
19 4.169917740311721 0.5152527282680356 2598.595133639671 15
20 4.181174893807724 0.5394897311373006 2600.3522701347097 15
21 4.190416309561599 0.5614186650002672 2602.1098711267337 15
22 4.198145633192243 0.5813541337785739 2603.8679594438995 15
23 4.204712097148229 0.5995561101875101 2605.62504303757 15
24 4.210365360673542 0.616241265192557 2607.3826247991997 15
25 4.2152885907831825 0.6315916116693623 2609.1407058233563 15
26 4.219619205941875 0.645761163823652 2610.897786540206 15
27 4.223462329402953 0.6588811201723503 2612.655367124818 15
28 4.226899749099492 0.6710639370615151 2614.413447650782 15
29 4.229996057557108 0.682406559806309 2616.170528150012 15
30 4.232802961118084 0.6929930077578217 2617.928108636721 15
31 4.235362341523701 0.702896459093626 2619.6861891174262 15
32 4.237708489986607 0.7121809447335368 2621.443269595182 15
33 4.2398697689625 0.7209027342802221 2623.2008500714564 15
34 4.241869841285799 0.7291114773860654 2624.958930546975 15
35 4.243728612075426 0.7368511494588607 2626.7160110220984 15
36 4.245462963914514 0.7441608397506512 2628.4735914970147 15
37 4.247087311168366 0.7510754116487223 2630.2316719718083 15
38 4.248614043706819 0.7576260587102862 2631.9887524465476 15
39 4.25005388972425 0.7638407751534356 2633.746332921248 15
40 4.251416188375767 0.7697447557744985 2635.5044133959336 15
41 4.252709118329543 0.7753607373409153 2637.2614938706038 15
42 4.253939894776132 0.7807092912137161 2639.019074345267 15
43 4.255114913077549 0.7858090751389575 2640.7771548199285 16
44 4.256239876431936 0.790677050703969 2642.5342352945872 16
45 4.257319913649269 0.7953286717994286 2644.291815769247 16
46 4.258359660218511 0.7997780484994365 2646.0498962438987 16
47 4.2593633367075885 0.8040380900207222 2647.8069767185557 16
48 4.260334828066815 0.8081206298119553 2649.564557193211 16
49 4.261277734924615 0.8120365353259954 2651.3226376678667 16
50 4.262195429815034 0.8157958046194752 2653.079718142521 16
51 4.263091121168183 0.8194076515877197 2654.8372986171753 16
52 4.263967895581048 0.8228805813648791 2656.595379091831 16
53 4.264828771632836 0.8262224571881828 2658.352459566485 16
54 4.265676768830602 0.8294405598328461 2660.1100400411424 16
55 4.266514963392263 0.8325416405631578 2661.8681205157927 16
56 4.267346566774497 0.8355319684102447 2663.6252009904492 16
57 4.2681750345920895 0.8384173724732229 2665.382781465104 16
58 4.2690041838320205 0.8412032798443735 2667.140861939759 16
59 4.269838364866363 0.8438947496775199 2668.8979424144127 16
60 4.2706827130842235 0.8464965038495615 2670.655522889068 16
61 4.27154348664751 0.8490129546061258 2672.4136033637233 16
62 4.272428587184203 0.8514482295318335 2674.170683838377 16
63 4.273348378623155 0.8538061941424396 2675.928264313034 16
64 4.274316980362069 0.8560904723589632 2677.6863447876844 16
65 4.275354468126952 0.858304465091905 2679.4434252623387 16
66 4.276490805090964 0.8604513671360084 2681.201005736938 16
67 4.2777732799398 0.8625341825528555 2682.9590862102814 16
68 4.27928185335419 0.8645557387125836 2684.716166655887 16
69 4.281164262608095 0.8665186994361156 2686.473746534479 16
70 4.283727818349092 0.8684255827227652 2688.2318158406683 16
71 4.2877183762853965 0.8702787566230211 2689.9886276381876 16
72 4.295161728892947 0.8720806248745069 2691.7419910861177 16
73 4.310591880130087 0.8738359430384434 2693.458541547803 16
74 4.333615762910095 0.8755539403678845 2695.0291232797663 16
75 4.350166287517651 0.8772390290502268 2696.4233299988537 16
76 4.357022107952246 0.8788859846006474 2697.7531109550346 16
77 4.359365156417296 0.8804923770207548 2699.0695319375195 16
78 4.359954786938979 0.8820589787441735 2700.382225123617 16
79 4.35981174201025 0.883587290963331 2701.6909053144377 16
80 4.3593329259047575 0.8850784269858215 2702.9963341477956 16
81 4.358701677500497 0.8865335439125236 2704.2980893140593 16
82 4.3580045226222355 0.8879538118251707 2705.5968885794446 17
83 4.357317294014396 0.8893403270607192 2706.8919456415774 17
84 4.356682476663705 0.8906942466430241 2708.185898083162 17
85 4.356102111202482 0.8920164900552806 2709.476710311398 17
86 4.355591433811221 0.8933079567974722 2710.7642057482585 17
87 4.355177926963993 0.8945697372716427 2712.051135236461 17
88 4.354852656338718 0.8958026138100444 2713.3356754759798 17
89 4.354630944837743 0.8970076713465731 2714.6183731435162 17
90 4.354519076119622 0.8981856047692675 2715.9003675315985 17
91 4.354531247718441 0.8993373459543198 2717.1819423437782 17
92 4.354656090078493 0.9004636707102338 2718.4608964421677 17
93 4.354925367556042 0.9015653968832171 2719.740860406819 17
94 4.35534772041685 0.9026432708675719 2721.020064776199 17
95 4.355938612743747 0.9036980188899978 2722.298161667561 17
96 4.356733900701328 0.904730355331715 2723.576352214226 17
97 4.357776442563446 0.9057409618755581 2724.8553176505266 17
98 4.359125125819051 0.906730492573659 2726.133647739535 17
99 4.3608848463786645 0.9076995864325933 2727.412562331006 17
