0 0 0 0 0
1 0.4058767781718458 0 1356.271333333335 0
2 0.4538941824144341 0 1648.8146666666648 0
3 0.51553970990854 0 1892.3480000000015 0
4 0.5976222515905006 0 2091.4213333333346 0
5 0.7123973689181687 0 2250.4166666666683 0
6 0.8843755777685638 0 2373.547999999999 0
7 1.1707471907659779 0 2464.861333333333 0
8 1.7430816702314706 0 2528.2346666666695 0
9 3.4592230605282017 0 2567.378000000001 0
10 28 0 2585.8333333333308 0
11 inf 0 2591.4166666666692 0
12 inf 0 2597 0
13 inf 0 2602.5833333333308 0
14 inf 0 2608.1666666666692 0
15 inf 0 2613.75 0
16 inf 0 2619.3333333333308 0
17 inf 0 2624.9166666666692 0
18 inf 0 2630.5 0
19 inf 0 2636.0833333333308 0
20 inf 0 2641.6666666666692 0
21 inf 0 2647.25 0
22 inf 0 2652.8333333333308 0
23 inf 0 2658.4166666666692 0
24 inf 0 2664 0
25 inf 0 2669.5833333333308 0
26 inf 0 2675.1666666666692 0
27 inf 0 2680.75 0
28 inf 0 2686.3333333333308 0
29 inf 0 2691.9166666666692 0
30 inf 0 2697.5 0
31 inf 0 2703.0833333333308 0
32 inf 0 2708.6666666666692 0
33 inf 0 2714.25 0
34 inf 0 2719.8333333333308 0
35 inf 0 2725.4166666666692 0
36 inf 0 2731 0
37 inf 0 2736.5833333333308 0
38 inf 0 2742.1666666666692 0
39 inf 0 2747.75 0
40 inf 0 2753.3333333333308 0
41 inf 0 2758.4166666666692 0
42 inf 0 2763.5 0
43 inf 0 2768.5833333333308 0
44 inf 0 2773.6666666666692 0
45 inf 0 2778.75 0
46 inf 0 2783.8333333333308 0
47 inf 0 2788.9166666666692 0
48 inf 0 2794 0
49 inf 0 2795.7499999999986 0
50 inf 0 2797.5000000000014 0
51 inf 0 2799.25 0
52 inf 0 2800.9999999999986 0
53 inf 0 2802.7500000000014 0
54 inf 0 2804.5 0
55 inf 0 2806.2499999999986 0
56 inf 0 2808.0000000000014 0
57 inf 0 2809.75 0
58 inf 0 2811.4999999999986 0
59 inf 0 2813.2500000000014 0
60 inf 0 2815 0
61 inf 0 2815.749999999998 0
62 inf 0 2816.500000000002 0
63 inf 0 2817.25 0
64 inf 0 2817.999999999998 0
65 inf 0 2818.750000000002 0
66 inf 0 2819.5 0
67 inf 0 2820.249999999998 0
68 inf 0 2821.000000000002 0
69 inf 0 2821.75 0
70 inf 0 2822.499999999998 0
71 inf 0 2823.250000000002 0
72 inf 0 2824 0
73 inf 0 2824.749999999998 0
74 inf 0 2825.500000000002 0
75 inf 0 2826.25 0
76 inf 0 2826.999999999998 0
77 inf 0 2827.750000000002 0
78 inf 0 2828.5 0
79 inf 0 2829.249999999998 0
80 inf 0 2830.000000000002 0
81 inf 0 2830.5 0
82 inf 0 2830.999999999998 0
83 inf 0 2831.500000000002 0
84 inf 0 2832 0
85 inf 0 2832.499999999998 0
86 inf 0 2833.000000000002 0
87 inf 0 2833.5 0
88 inf 0 2833.999999999998 0
89 inf 0 2834.500000000002 0
90 inf 0 2835 0
91 inf 0 2835.499999999998 0
92 inf 0 2836.000000000002 0
93 inf 0 2836.5 0
94 inf 0 2836.999999999998 0
95 inf 0 2837.500000000002 0
96 inf 0 2838 0
97 inf 0 2838.499999999998 0
98 inf 0 2839.000000000002 0
99 inf 0 2839.5 0
