0 0 0.000000000000000013061447348531253 0 1
1 0.40587677817184586 0.000000000000000013061447348531253 1356.271333333335 1
2 0.45389418241436197 0.00000000000002895722877169379 1648.8146666666619 1
3 0.5155397096692508 0.00000000008375115415996485 1892.3479999848785 1
4 0.5976221761338196 0.000000022637003966308408 2091.4213289327536 1
5 0.7123908240881871 0.0000016362056273918689 2250.4163548347956 1
6 0.8841246557603357 0.0000501826443987282 2373.5393561885267 1
7 1.1652668780563133 0.0008215756134160165 2464.744315985385 1
8 1.6630367511038577 0.007959994825944639 2527.4026211385913 1
9 2.509396766990265 0.04596050500610237 2564.4634719143965 1
10 3.631263852923162 0.1529307574032755 2582.0869776481977 1
11 4.658395061693648 0.31180839849574016 2590.6399044393047 1
12 5.360183919308759 0.46220472795837547 2596.8234323728702 1
13 5.785108316778037 0.5785023647819716 2602.5386200247567 1
14 6.043519132851888 0.6639114857542961 2608.1544954253827 1
15 6.209515926656781 0.7268988250391065 2613.746482727759 1
16 6.322999524518338 0.7742179988075936 2619.3322571820745 1
17 6.404928579030831 0.810489919709648 2624.9163187359727 1
18 6.46674614591972 0.8388175226800412 2630.4998814552437 1
19 6.515058588240334 0.8613126692640418 2636.083290907548 1
20 6.553898072455527 0.8794425576194813 2641.6666507719196 1
21 6.585851063548405 0.8942480026787016 2647.249993786973 1
22 6.612649160813557 0.9064818269149293 2652.8333308074657 1
23 6.635494674105027 0.9166982526936667 2658.416665601768 1
24 6.655248893011472 0.9253118740926004 2663.999999535654 1
25 6.672545800472452 0.9326373658219564 2669.5833331244235 1
26 6.687863476483192 0.9389167366879605 2675.1666665699113 1
27 6.701570534897113 0.9443383657080171 2680.749999953956 1
28 6.713957334553252 0.9490505143058731 2686.33333331086 1
29 6.72525767501444 0.9531710603219054 2691.9166666554406 1
30 6.735664489985644 0.9567946062936634 2697.499999994264 1
31 6.745341860217712 0.959997735861838 2703.0833333303394 1
32 6.754435107917656 0.9628429461828472 2708.6666666650785 1
33 6.763080726107964 0.9653816217337642 2714.2499999991383 1
34 6.7714187289438295 0.9676563058707516 2719.833333332856 1
35 6.779612929585309 0.9697024522911277 2725.416666666403 1
36 6.787894537944651 0.9715497873518966 2730.99999999983 1
37 6.796684190252135 0.9732233784324593 2736.583333322862 1
38 6.807065169516952 0.9747444787090288 2742.166662387141 1
39 6.823793297733198 0.9761313096246971 2747.7488778368433 1
40 6.870959595965837 0.9774066668845999 2753.2503457814455 1
41 6.918144585092731 0.9786035733480852 2758.415361546249 1
42 6.9363471234112035 0.9797070283423548 2763.4999921768313 1
43 6.949736011453621 0.9807208129036405 2768.5833332928505 1
44 6.964059093852826 0.9816544180851756 2773.6666666560322 1
45 6.982949722509232 0.9825161924857158 2778.749998241758 1
46 7.014593359710343 0.9833134366444298 2783.8330992215756 1
47 7.093436914456185 0.9840534840074977 2788.895674816504 1
48 7.340869023047984 0.9847678180404235 2793.336099585063 1
49 7.585736199566717 0.9855127549446235 2795.7266767086608 1
50 7.664479696902028 0.9862219401789951 2797.499644123685 1
51 7.696869679682241 0.9868759421323873 2799.2499954842897 1
52 7.71685392489877 0.9874796246113106 2800.9999999441156 1
53 7.732537943393574 0.9880380238239161 2802.749999999292 1
54 7.74702644772129 0.9885555796042009 2804.499999999933 1
55 7.762304212989668 0.9890362076679441 2806.24999999609 1
56 7.780637110521475 0.9894833709175905 2807.9999997596083 1
57 7.806280802325265 0.9899001400896023 2809.7499871615682 1
58 7.8509534128664855 0.9902892510018737 2811.499433958855 1
59 7.957477511425916 0.9906533068544147 2813.2322780044124 1
60 8.217226890756306 0.9909963710066338 2814.751037344399 1
61 8.474305538969048 0.9913227191825359 2815.7310275442105 1
62 8.579889641691464 0.9916301973310766 2816.4992599776574 1
63 8.62473559197922 0.9919186942495146 2817.2499765305142 1
64 8.650665642129761 0.9921897002894802 2817.9999992967028 1
65 8.669224487400339 0.9924446727616378 2818.7499999790457 1
66 8.684467686601911 0.9926849197789309 2819.4999999993656 1
67 8.698252706524148 0.9929116148830194 2820.249999999979 1
68 8.711649397382756 0.9931258136459346 2821.000000000002 1
69 8.725432085487961 0.9933284679726226 2821.75 1
70 8.74030650841263 0.9935204383735083 2822.499999999998 1
71 8.757061354362186 0.9937025045345979 2823.250000000001 1
72 8.776727080737968 0.993875374455724 2823.9999999999814 1
73 8.800814669226362 0.9940396923793704 2824.749999999542 1
74 8.831760273161082 0.9941960456958082 2825.4999999896204 1
75 8.87388187151375 0.9943449710193979 2826.24999978022 1
76 8.935744358857132 0.9944869603202401 2826.999995720521 1
77 9.036984166075072 0.9946224791328362 2827.749925065374 1
78 9.23023670317801 0.9947521514084484 2828.4988778368734 1
79 9.653912637832066 0.9948784281772807 2829.2373276703493 1
80 10.445318627450979 0.9950113121560469 2829.9170124481348 1
81 11.229108342509617 0.9951587468165968 2830.486815693063 1
82 11.646448929640139 0.9953074192721804 2830.998694879589 1
83 11.838076191681758 0.9954480359306858 2831.4998948065336 1
84 11.938557575217498 0.9955796579036598 2831.999992176838 1
85 11.999582270144838 0.9957029482248245 2832.4999994355344 1
86 12.04065181086493 0.9958186453523868 2832.9999999595766 1
87 12.070290071796684 0.9959274186860615 2833.499999997092 1
88 12.092771916876377 0.9960298666911857 2833.9999999997867 1
89 12.110474629823205 0.996126524812208 2834.4999999999864 1
90 12.124826007327904 0.9962178729889475 2834.9999999999986 1
91 12.136735845839736 0.9963043422214399 2835.499999999998 1
92 12.146811749200124 0.9963863202791423 2836.000000000002 1
93 12.155475363098185 0.9964641566733181 2836.5 1
94 12.163028822023312 0.9965381669957885 2836.999999999998 1
95 12.169694645256737 0.9966086367118615 2837.500000000002 1
96 12.17564070201724 0.9966758244821672 2838 1
97 12.180996399640962 0.9967399650771268 2838.499999999998 1
98 12.185863516180932 0.996801271938508 2839.000000000002 1
99 12.190323661575917 0.996859939434681 2839.5 1
